{
  "comments": "Undeformed on many points",
  "ranges": {
    "label": "undeformed_02",
    "code": {
      "model": "Toric3DCode",
      "parameters": [
        {"L_x": 4},
        {"L_x": 6},
        {"L_x": 8},
        {"L_x": 10}
      ]
    },
    "noise": {
      "model": "PauliErrorModel",
      "parameters": [
        {"r_x": 0.0, "r_y": 0.0, "r_z": 1.0},
        {"r_x": 0.0, "r_y": 0.05, "r_z": 0.95},
        {"r_x": 0.0, "r_y": 0.1, "r_z": 0.9},
        {"r_x": 0.0, "r_y": 0.2, "r_z": 0.8},
        {"r_x": 0.0, "r_y": 0.25, "r_z": 0.75},
        {"r_x": 0.0, "r_y": 0.5, "r_z": 0.5},
        {"r_x": 0.0, "r_y": 0.75, "r_z": 0.25},
        {"r_x": 0.0, "r_y": 0.8, "r_z": 0.2},
        {"r_x": 0.0, "r_y": 0.9, "r_z": 0.1},
        {"r_x": 0.0, "r_y": 0.95, "r_z": 0.05},
        {"r_x": 0.0, "r_y": 1.0, "r_z": 0.0},
        {"r_x": 0.016129032258, "r_y": 0.016129032258, "r_z": 0.967741935484},
        {"r_x": 0.016129032258, "r_y": 0.491935483871, "r_z": 0.491935483871},
        {"r_x": 0.016129032258, "r_y": 0.967741935484, "r_z": 0.016129032258},
        {"r_x": 0.045454545455, "r_y": 0.045454545455, "r_z": 0.909090909091},
        {"r_x": 0.045454545455, "r_y": 0.477272727273, "r_z": 0.477272727273},
        {"r_x": 0.045454545455, "r_y": 0.909090909091, "r_z": 0.045454545455},
        {"r_x": 0.05, "r_y": 0.0, "r_z": 0.95},
        {"r_x": 0.05, "r_y": 0.95, "r_z": 0.0},
        {"r_x": 0.1, "r_y": 0.0, "r_z": 0.9},
        {"r_x": 0.1, "r_y": 0.9, "r_z": 0.0},
        {"r_x": 0.125, "r_y": 0.125, "r_z": 0.75},
        {"r_x": 0.125, "r_y": 0.4375, "r_z": 0.4375},
        {"r_x": 0.125, "r_y": 0.75, "r_z": 0.125},
        {"r_x": 0.2, "r_y": 0.0, "r_z": 0.8},
        {"r_x": 0.2, "r_y": 0.8, "r_z": 0.0},
        {"r_x": 0.25, "r_y": 0.0, "r_z": 0.75},
        {"r_x": 0.25, "r_y": 0.25, "r_z": 0.5},
        {"r_x": 0.25, "r_y": 0.375, "r_z": 0.375},
        {"r_x": 0.25, "r_y": 0.5, "r_z": 0.25},
        {"r_x": 0.25, "r_y": 0.75, "r_z": 0.0},
        {"r_x": 0.333333333333, "r_y": 0.333333333333, "r_z": 0.333333333333},
        {"r_x": 0.375, "r_y": 0.25, "r_z": 0.375},
        {"r_x": 0.375, "r_y": 0.375, "r_z": 0.25},
        {"r_x": 0.4375, "r_y": 0.125, "r_z": 0.4375},
        {"r_x": 0.4375, "r_y": 0.4375, "r_z": 0.125},
        {"r_x": 0.477272727273, "r_y": 0.045454545455, "r_z": 0.477272727273},
        {"r_x": 0.477272727273, "r_y": 0.477272727273, "r_z": 0.045454545455},
        {"r_x": 0.491935483871, "r_y": 0.016129032258, "r_z": 0.491935483871},
        {"r_x": 0.491935483871, "r_y": 0.491935483871, "r_z": 0.016129032258},
        {"r_x": 0.5, "r_y": 0.0, "r_z": 0.5},
        {"r_x": 0.5, "r_y": 0.25, "r_z": 0.25},
        {"r_x": 0.5, "r_y": 0.5, "r_z": 0.0},
        {"r_x": 0.75, "r_y": 0.0, "r_z": 0.25},
        {"r_x": 0.75, "r_y": 0.125, "r_z": 0.125},
        {"r_x": 0.75, "r_y": 0.25, "r_z": 0.0},
        {"r_x": 0.8, "r_y": 0.0, "r_z": 0.2},
        {"r_x": 0.8, "r_y": 0.2, "r_z": 0.0},
        {"r_x": 0.9, "r_y": 0.0, "r_z": 0.1},
        {"r_x": 0.9, "r_y": 0.1, "r_z": 0.0},
        {"r_x": 0.909090909091, "r_y": 0.045454545455, "r_z": 0.045454545455},
        {"r_x": 0.95, "r_y": 0.0, "r_z": 0.05},
        {"r_x": 0.95, "r_y": 0.05, "r_z": 0.0},
        {"r_x": 0.967741935484, "r_y": 0.016129032258, "r_z": 0.016129032258},
        {"r_x": 1.0, "r_y": 0.0, "r_z": 0.0}
      ]
    },
    "decoder": {
      "model": "SweepMatchDecoder"
    },
    "probability": [
      0.01, 0.02, 0.03, 0.04, 0.05, 0.06, 0.07, 0.08, 0.09, 0.10,
      0.11, 0.12, 0.13, 0.14, 0.15, 0.16, 0.17, 0.18, 0.19, 0.20,
      0.21, 0.22, 0.23, 0.24, 0.25
    ]
  }
}

